%YAML:1.0
cameraMatrix: !!opencv-matrix
   rows: 3
   cols: 3
   dt: d
   data: [ 5.3836973750153879e+02, 0., 3.1250026403810233e+02, 0.,
       5.3831999393908404e+02, 2.0394784099204628e+02, 0., 0., 1. ]
distCoeffs: !!opencv-matrix
   rows: 1
   cols: 5
   dt: d
   data: [ -1.3950601520016268e-01, 2.6935259161861147e-01,
       -4.3505084117306247e-03, 5.0285377843501484e-04,
       -1.9728743554270162e-01 ]
